2023, 3573940 -2930;
2022, 3570750 -3190;
2021, 3566790 -3960;
2020, 3562040 -4750;
2019, 3556790 -5250;
2018, 3552120 -4670;
2017, 3539230 -12890;
2016, 3526390 -12840;
2015, 3513600 -12790;
2014, 3500860 -12740;
2013, 3488180 -12680;
2012, 3475560 -12620;
2011, 3462940 -12620;
2010, 3460725 -2215;
2009, 3437890 -22835;
2008, 3425570 -12320;
2007, 3413370 -12200;
2006, 3401230 -12140;
2005, 3394000 -7230;
2004, 3388150 -5850;
2003, 3390460 2310;
2002, 3391090 630;
2001, 3388440 -2650;
2000, 3384420 -4020;
1999, 3392760 8340;
1998, 3412300 19540;
1997, 3442270 29970;
1996, 3462960 20690;
1995, 3471400 8440;
1994, 3473700 2300;
1993, 3470550 -3150;
1992, 3455880 -14670;
1991, 3439840 -16040;
1990, 3421660 -18180;
1989, 3381100 -40560;
1988, 3253960 -127140;
1987, 3272990 19030;
1986, 3095450 -177540;
1985, 3060480 -34970;
1984, 3042740 -17740;
1983, 3041330 -1410;
1982, 3048490 7160;
1981, 3051540 3050;
1980, 3056080 4540;
1979, 3070800 14720;
1978, 3085570 14770;
1977, 3100410 14840;
1976, 3115300 14890;
1975, 3130310 15010;
1974, 3145360 15050;
1973, 3160490 15130;
1972, 3175670 15180;
1971, 3190960 15290;
1970, 3206310 15350;
1969, 3212280 5970;
1968, 3222250 9970;
1967, 3232250 10000;
1966, 3247250 15000;
1965, 3252260 5010;
1964, 3262250 9990;
1963, 3272350 10100;
1962, 3282530 10180;
1961, 3292710 10180;
1960, 3303290 10580;
1959, 3314400 11110;
1958, 3326290 11890;
1957, 3338100 11810;
1956, 3349760 11660;
1955, 3357620 7860;